> cormat<-signif(cor(dataset),2)
> cormat
                   gender SeniorCitizen  Partner Dependents  tenure PhoneService MultipleLines InternetService
gender            1.0e+00        0.0018  0.00140    -0.0100 -0.0053       0.0075      -8.4e-05         0.00960
SeniorCitizen     1.8e-03        1.0000  0.01700    -0.2100  0.0160       0.0084       1.0e-01         0.26000
Partner           1.4e-03        0.0170  1.00000     0.4500  0.3800       0.0180       9.1e-02         0.00094
Dependents       -1.0e-02       -0.2100  0.45000     1.0000  0.1600      -0.0011      -1.7e-02        -0.18000
tenure           -5.3e-03        0.0160  0.38000     0.1600  1.0000       0.0079       2.4e-01         0.03100
PhoneService      7.5e-03        0.0084  0.01800    -0.0011  0.0079       1.0000      -6.9e-01         0.09400
MultipleLines    -8.4e-05        0.1000  0.09100    -0.0170  0.2400      -0.6900       1.0e+00         0.17000
InternetService   9.6e-03        0.2600  0.00094    -0.1800  0.0310       0.0940       1.7e-01         1.00000
OnlineSecurity    4.4e-03       -0.2100  0.08100     0.1900  0.1500       0.1300      -2.4e-01        -0.76000
OnlineBackup      3.0e-03       -0.1500  0.08600     0.1600  0.1800       0.1500      -2.1e-01        -0.69000
DeviceProtection -4.5e-03       -0.1600  0.09300     0.1500  0.1800       0.1400      -2.0e-01        -0.68000
TechSupport      -5.7e-05       -0.2200  0.06800     0.1800  0.1500       0.1200      -2.3e-01        -0.76000
StreamingTV      -5.8e-04       -0.1300  0.07900     0.1400  0.1400       0.1700      -2.0e-01        -0.62000
StreamingMovies   1.3e-03       -0.1200  0.07500     0.1300  0.1400       0.1600      -1.9e-01        -0.62000
Contract         -9.5e-05       -0.1400  0.29000     0.2400  0.6800       0.0030       7.8e-02        -0.29000
PaperlessBilling  1.2e-02        0.1600 -0.01400    -0.1100  0.0048       0.0170       1.1e-01         0.38000
PaymentMethod     4.9e-03       -0.0940  0.13000     0.1200  0.3400      -0.0031       3.0e-02        -0.18000
MonthlyCharges    1.4e-02        0.2200  0.09800    -0.1100  0.2500       0.2500       1.5e-01         0.91000
TotalCharges     -4.8e-05        0.1000  0.32000     0.0650  0.8300       0.1100       2.5e-01         0.43000
Churn             8.5e-03        0.1500 -0.15000    -0.1600 -0.3500       0.0120       2.0e-02         0.32000
                 OnlineSecurity OnlineBackup DeviceProtection TechSupport StreamingTV StreamingMovies Contract
gender                   0.0044        0.003          -0.0045    -5.7e-05    -0.00058          0.0013 -9.5e-05
SeniorCitizen           -0.2100       -0.150          -0.1600    -2.2e-01    -0.13000         -0.1200 -1.4e-01
Partner                  0.0810        0.086           0.0930     6.8e-02     0.07900          0.0750  2.9e-01
Dependents               0.1900        0.160           0.1500     1.8e-01     0.14000          0.1300  2.4e-01
tenure                   0.1500        0.180           0.1800     1.5e-01     0.14000          0.1400  6.8e-01
PhoneService             0.1300        0.150           0.1400     1.2e-01     0.17000          0.1600  3.0e-03
MultipleLines           -0.2400       -0.210          -0.2000    -2.3e-01    -0.20000         -0.1900  7.8e-02
InternetService         -0.7600       -0.690          -0.6800    -7.6e-01    -0.62000         -0.6200 -2.9e-01
OnlineSecurity           1.0000        0.750           0.7500     7.9e-01     0.70000          0.7000  3.9e-01
OnlineBackup             0.7500        1.000           0.7400     7.5e-01     0.72000          0.7200  3.5e-01
DeviceProtection         0.7500        0.740           1.0000     7.7e-01     0.76000          0.7700  3.9e-01
TechSupport              0.7900        0.750           0.7700     1.0e+00     0.74000          0.7400  4.2e-01
StreamingTV              0.7000        0.720           0.7600     7.4e-01     1.00000          0.8100  3.3e-01
StreamingMovies          0.7000        0.720           0.7700     7.4e-01     0.81000          1.0000  3.3e-01
Contract                 0.3900        0.350           0.3900     4.2e-01     0.33000          0.3300  1.0e+00
PaperlessBilling        -0.3300       -0.260          -0.2800    -3.1e-01    -0.20000         -0.2100 -1.8e-01
PaymentMethod            0.2100        0.180           0.1900     2.2e-01     0.12000          0.1200  3.6e-01
MonthlyCharges          -0.6200       -0.540          -0.5100    -6.0e-01    -0.42000         -0.4200 -7.3e-02
TotalCharges            -0.1500       -0.085          -0.0770    -1.4e-01    -0.07600         -0.0730  4.5e-01
Churn                   -0.3300       -0.290          -0.2800    -3.3e-01    -0.21000         -0.2100 -4.0e-01
                 PaperlessBilling PaymentMethod MonthlyCharges TotalCharges   Churn
gender                     0.0120        0.0049          0.014     -4.8e-05  0.0085
SeniorCitizen              0.1600       -0.0940          0.220      1.0e-01  0.1500
Partner                   -0.0140        0.1300          0.098      3.2e-01 -0.1500
Dependents                -0.1100        0.1200         -0.110      6.5e-02 -0.1600
tenure                     0.0048        0.3400          0.250      8.3e-01 -0.3500
PhoneService               0.0170       -0.0031          0.250      1.1e-01  0.0120
MultipleLines              0.1100        0.0300          0.150      2.5e-01  0.0200
InternetService            0.3800       -0.1800          0.910      4.3e-01  0.3200
OnlineSecurity            -0.3300        0.2100         -0.620     -1.5e-01 -0.3300
OnlineBackup              -0.2600        0.1800         -0.540     -8.5e-02 -0.2900
DeviceProtection          -0.2800        0.1900         -0.510     -7.7e-02 -0.2800
TechSupport               -0.3100        0.2200         -0.600     -1.4e-01 -0.3300
StreamingTV               -0.2000        0.1200         -0.420     -7.6e-02 -0.2100
StreamingMovies           -0.2100        0.1200         -0.420     -7.3e-02 -0.2100
Contract                  -0.1800        0.3600         -0.073      4.5e-01 -0.4000
PaperlessBilling           1.0000       -0.1000          0.350      1.6e-01  0.1900
PaymentMethod             -0.1000        1.0000         -0.075      2.2e-01 -0.2600
MonthlyCharges             0.3500       -0.0750          1.000      6.5e-01  0.1900
TotalCharges               0.1600        0.2200          0.650      1.0e+00 -0.2000
Churn                      0.1900       -0.2600          0.190     -2.0e-01  1.0000





heatmap(cormat,col=heat.colors(256),symm=TRUE)